-0.00000001 0.333333333333 -0.00000001 -0.00000001 -0.00000001
0.666666666667 0.666666666667 1.000000001 1.000000001 1.000000001
0.333333333333 -0.00000001 0.333333333333 -0.00000001 -0.00000001
1.000000001 1.000000001 0.666666666667 1.000000001 1.000000001
-0.00000001 -0.00000001 0.333333333333 -0.00000001 -0.00000001
0.333333333333 0.666666666667 0.666666666667 1.000000001 1.000000001
0.333333333333 -0.00000001 -0.00000001 0.333333333333 -0.00000001
1.000000001 1.000000001 1.000000001 0.666666666667 1.000000001
-0.00000001 0.333333333333 -0.00000001 0.333333333333 -0.00000001
0.333333333333 1.000000001 1.000000001 0.666666666667 1.000000001
-0.00000001 -0.00000001 -0.00000001 0.333333333333 -0.00000001
0.333333333333 0.333333333333 0.666666666667 0.666666666667 1.000000001
0.333333333333 -0.00000001 -0.00000001 -0.00000001 0.333333333333
1.000000001 1.000000001 1.000000001 1.000000001 0.666666666667
-0.00000001 0.333333333333 -0.00000001 -0.00000001 0.333333333333
0.333333333333 1.000000001 1.000000001 1.000000001 0.666666666667
-0.00000001 -0.00000001 0.333333333333 -0.00000001 0.333333333333
0.333333333333 0.333333333333 1.000000001 1.000000001 0.666666666667
-0.00000001 -0.00000001 -0.00000001 -0.00000001 0.333333333333
0.333333333333 0.333333333333 0.333333333333 0.666666666667 0.666666666667