-0.0000001 0.333333333333 -0.0000001 -0.0000001
0.666666666667 0.666666666667 1.0000001 1.0000001
0.333333333333 -0.0000001 0.333333333333 -0.0000001
1.0000001 1.0000001 0.666666666667 1.0000001
-0.0000001 -0.0000001 0.333333333333 -0.0000001
0.333333333333 0.666666666667 0.666666666667 1.0000001
0.333333333333 -0.0000001 -0.0000001 0.333333333333
1.0000001 1.0000001 1.0000001 0.666666666667
-0.0000001 0.333333333333 -0.0000001 0.333333333333
0.333333333333 1.0000001 1.0000001 0.666666666667
-0.0000001 -0.0000001 -0.0000001 0.333333333333
0.333333333333 0.333333333333 0.666666666667 0.666666666667